8.785999999999999943e+01 5.000000000000000278e-02
8.509999999999999432e+01 1.499999999999999944e-01
8.231000000000000227e+01 3.200000000000000067e-01
7.953000000000000114e+01 5.500000000000000444e-01
7.673999999999999488e+01 8.100000000000000533e-01
7.395000000000000284e+01 1.120000000000000107e+00
7.115999999999999659e+01 1.459999999999999964e+00
6.837000000000000455e+01 1.810000000000000053e+00
6.557999999999999829e+01 2.180000000000000160e+00
6.278999999999999915e+01 2.549999999999999822e+00
6.000000000000000000e+01 2.899999999999999911e+00
5.721000000000000085e+01 3.240000000000000213e+00
5.442000000000000171e+01 3.580000000000000071e+00
5.163000000000000256e+01 3.910000000000000142e+00
4.884000000000000341e+01 4.190000000000000391e+00
4.603999999999999915e+01 4.440000000000000391e+00
4.325000000000000000e+01 4.599999999999999645e+00
4.046000000000000085e+01 4.599999999999999645e+00
3.767000000000000171e+01 4.429999999999999716e+00
3.488000000000000256e+01 4.209999999999999964e+00
3.209000000000000341e+01 4.030000000000000249e+00
2.930000000000000071e+01 3.830000000000000071e+00
2.651000000000000156e+01 3.540000000000000036e+00
2.371999999999999886e+01 3.160000000000000142e+00
2.092999999999999972e+01 2.740000000000000213e+00
1.814000000000000057e+01 2.259999999999999787e+00
1.534999999999999964e+01 1.760000000000000009e+00
1.256000000000000050e+01 1.310000000000000053e+00
9.769999999999999574e+00 9.000000000000000222e-01
6.980000000000000426e+00 4.799999999999999822e-01
4.190000000000000391e+00 7.000000000000000666e-02
1.399999999999999911e+00 -2.300000000000000100e-01
-1.399999999999999911e+00 -4.199999999999999845e-01
-4.190000000000000391e+00 -6.700000000000000400e-01
-6.980000000000000426e+00 -1.090000000000000080e+00
-9.769999999999999574e+00 -1.590000000000000080e+00
-1.256000000000000050e+01 -2.109999999999999876e+00
-1.534999999999999964e+01 -2.649999999999999911e+00
-1.814000000000000057e+01 -3.180000000000000160e+00
-2.092999999999999972e+01 -3.660000000000000142e+00
-2.371999999999999886e+01 -4.099999999999999645e+00
-2.651000000000000156e+01 -4.480000000000000426e+00
-2.930000000000000071e+01 -4.730000000000000426e+00
-3.209000000000000341e+01 -4.879999999999999893e+00
-3.488000000000000256e+01 -4.959999999999999964e+00
-3.767000000000000171e+01 -5.000000000000000000e+00
-4.046000000000000085e+01 -4.950000000000000178e+00
-4.325000000000000000e+01 -4.759999999999999787e+00
-4.603999999999999915e+01 -4.450000000000000178e+00
-4.884000000000000341e+01 -4.049999999999999822e+00
-5.163000000000000256e+01 -3.629999999999999893e+00
-5.442000000000000171e+01 -3.209999999999999964e+00
-5.721000000000000085e+01 -2.799999999999999822e+00
-6.000000000000000000e+01 -2.379999999999999893e+00
-6.278999999999999915e+01 -1.939999999999999947e+00
-6.557999999999999829e+01 -1.530000000000000027e+00
-6.837000000000000455e+01 -1.179999999999999938e+00
-7.115999999999999659e+01 -8.599999999999999867e-01
-7.395000000000000284e+01 -6.099999999999999867e-01
-7.673999999999999488e+01 -4.000000000000000222e-01
-7.953000000000000114e+01 -2.300000000000000100e-01
-8.231000000000000227e+01 -8.999999999999999667e-02
-8.509999999999999432e+01 -2.000000000000000042e-02
-8.785999999999999943e+01 0.000000000000000000e+00
