8.785999999999999943e+01 5.000000000000000278e-02
8.509999999999999432e+01 1.649999999999999800e-01
8.231000000000000227e+01 3.399999999999999689e-01
7.953000000000000114e+01 5.700000000000000622e-01
7.673999999999999488e+01 8.549999999999999822e-01
7.395000000000000284e+01 1.195000000000000062e+00
7.115999999999999659e+01 1.544999999999999929e+00
6.837000000000000455e+01 1.899999999999999911e+00
6.557999999999999829e+01 2.285000000000000142e+00
6.278999999999999915e+01 2.679999999999999716e+00
6.000000000000000000e+01 3.070000000000000284e+00
5.721000000000000085e+01 3.445000000000000284e+00
5.442000000000000171e+01 3.799999999999999822e+00
5.163000000000000256e+01 4.140000000000000568e+00
4.884000000000000341e+01 4.440000000000000391e+00
4.603999999999999915e+01 4.710000000000000853e+00
4.325000000000000000e+01 4.884999999999999787e+00
4.046000000000000085e+01 4.869999999999999218e+00
3.767000000000000171e+01 4.644999999999999574e+00
3.488000000000000256e+01 4.370000000000000107e+00
3.209000000000000341e+01 4.160000000000000142e+00
2.930000000000000071e+01 3.939999999999999947e+00
2.651000000000000156e+01 3.655000000000000249e+00
2.371999999999999886e+01 3.310000000000000053e+00
2.092999999999999972e+01 2.905000000000000249e+00
1.814000000000000057e+01 2.429999999999999716e+00
1.534999999999999964e+01 1.924999999999999822e+00
1.256000000000000050e+01 1.430000000000000160e+00
9.769999999999999574e+00 9.399999999999999467e-01
6.980000000000000426e+00 4.899999999999999911e-01
4.190000000000000391e+00 1.200000000000000094e-01
1.399999999999999911e+00 -1.100000000000000006e-01
-1.399999999999999911e+00 -2.650000000000000133e-01
-4.190000000000000391e+00 -5.150000000000000133e-01
-6.980000000000000426e+00 -9.300000000000000488e-01
-9.769999999999999574e+00 -1.425000000000000044e+00
-1.256000000000000050e+01 -1.959999999999999964e+00
-1.534999999999999964e+01 -2.509999999999999787e+00
-1.814000000000000057e+01 -3.015000000000000124e+00
-2.092999999999999972e+01 -3.479999999999999982e+00
-2.371999999999999886e+01 -3.924999999999999822e+00
-2.651000000000000156e+01 -4.294999999999999929e+00
-2.930000000000000071e+01 -4.554999999999999716e+00
-3.209000000000000341e+01 -4.740000000000000213e+00
-3.488000000000000256e+01 -4.865000000000000213e+00
-3.767000000000000171e+01 -4.945000000000000284e+00
-4.046000000000000085e+01 -4.929999999999999716e+00
-4.325000000000000000e+01 -4.734999999999999432e+00
-4.603999999999999915e+01 -4.390000000000000568e+00
-4.884000000000000341e+01 -3.979999999999999982e+00
-5.163000000000000256e+01 -3.544999999999999929e+00
-5.442000000000000171e+01 -3.125000000000000000e+00
-5.721000000000000085e+01 -2.750000000000000000e+00
-6.000000000000000000e+01 -2.375000000000000000e+00
-6.278999999999999915e+01 -1.984999999999999876e+00
-6.557999999999999829e+01 -1.620000000000000107e+00
-6.837000000000000455e+01 -1.274999999999999911e+00
-7.115999999999999659e+01 -9.450000000000000622e-01
-7.395000000000000284e+01 -6.850000000000000533e-01
-7.673999999999999488e+01 -4.700000000000000289e-01
-7.953000000000000114e+01 -2.750000000000000222e-01
-8.231000000000000227e+01 -1.150000000000000050e-01
-8.509999999999999432e+01 -2.999999999999999889e-02
-8.785999999999999943e+01 0.000000000000000000e+00
