8.785999999999999943e+01 5.000000000000000278e-02
8.509999999999999432e+01 1.799999999999999933e-01
8.231000000000000227e+01 3.599999999999999867e-01
7.953000000000000114e+01 5.899999999999999689e-01
7.673999999999999488e+01 9.000000000000000222e-01
7.395000000000000284e+01 1.270000000000000018e+00
7.115999999999999659e+01 1.629999999999999893e+00
6.837000000000000455e+01 1.989999999999999991e+00
6.557999999999999829e+01 2.390000000000000124e+00
6.278999999999999915e+01 2.810000000000000053e+00
6.000000000000000000e+01 3.240000000000000213e+00
5.721000000000000085e+01 3.649999999999999911e+00
5.442000000000000171e+01 4.019999999999999574e+00
5.163000000000000256e+01 4.370000000000000107e+00
4.884000000000000341e+01 4.690000000000000391e+00
4.603999999999999915e+01 4.980000000000000426e+00
4.325000000000000000e+01 5.169999999999999929e+00
4.046000000000000085e+01 5.139999999999999680e+00
3.767000000000000171e+01 4.860000000000000320e+00
3.488000000000000256e+01 4.530000000000000249e+00
3.209000000000000341e+01 4.290000000000000036e+00
2.930000000000000071e+01 4.049999999999999822e+00
2.651000000000000156e+01 3.770000000000000018e+00
2.371999999999999886e+01 3.459999999999999964e+00
2.092999999999999972e+01 3.069999999999999840e+00
1.814000000000000057e+01 2.600000000000000089e+00
1.534999999999999964e+01 2.089999999999999858e+00
1.256000000000000050e+01 1.550000000000000044e+00
9.769999999999999574e+00 9.799999999999999822e-01
6.980000000000000426e+00 5.000000000000000000e-01
4.190000000000000391e+00 1.700000000000000122e-01
1.399999999999999911e+00 1.000000000000000021e-02
-1.399999999999999911e+00 -1.100000000000000006e-01
-4.190000000000000391e+00 -3.599999999999999867e-01
-6.980000000000000426e+00 -7.700000000000000178e-01
-9.769999999999999574e+00 -1.260000000000000009e+00
-1.256000000000000050e+01 -1.810000000000000053e+00
-1.534999999999999964e+01 -2.370000000000000107e+00
-1.814000000000000057e+01 -2.850000000000000089e+00
-2.092999999999999972e+01 -3.299999999999999822e+00
-2.371999999999999886e+01 -3.750000000000000000e+00
-2.651000000000000156e+01 -4.110000000000000320e+00
-2.930000000000000071e+01 -4.379999999999999893e+00
-3.209000000000000341e+01 -4.599999999999999645e+00
-3.488000000000000256e+01 -4.769999999999999574e+00
-3.767000000000000171e+01 -4.889999999999999680e+00
-4.046000000000000085e+01 -4.910000000000000142e+00
-4.325000000000000000e+01 -4.709999999999999964e+00
-4.603999999999999915e+01 -4.330000000000000071e+00
-4.884000000000000341e+01 -3.910000000000000142e+00
-5.163000000000000256e+01 -3.459999999999999964e+00
-5.442000000000000171e+01 -3.040000000000000036e+00
-5.721000000000000085e+01 -2.700000000000000178e+00
-6.000000000000000000e+01 -2.370000000000000107e+00
-6.278999999999999915e+01 -2.029999999999999805e+00
-6.557999999999999829e+01 -1.709999999999999964e+00
-6.837000000000000455e+01 -1.370000000000000107e+00
-7.115999999999999659e+01 -1.030000000000000027e+00
-7.395000000000000284e+01 -7.600000000000000089e-01
-7.673999999999999488e+01 -5.400000000000000355e-01
-7.953000000000000114e+01 -3.200000000000000067e-01
-8.231000000000000227e+01 -1.400000000000000133e-01
-8.509999999999999432e+01 -4.000000000000000083e-02
-8.785999999999999943e+01 0.000000000000000000e+00
