6.837000000000000455e+01 1.400000000000000133e-01
6.557999999999999829e+01 1.400000000000000133e-01
6.278999999999999915e+01 1.700000000000000122e-01
6.000000000000000000e+01 2.200000000000000011e-01
5.721000000000000085e+01 2.800000000000000266e-01
5.442000000000000171e+01 3.200000000000000067e-01
5.163000000000000256e+01 3.300000000000000155e-01
4.884000000000000341e+01 3.499999999999999778e-01
4.603999999999999915e+01 3.499999999999999778e-01
4.325000000000000000e+01 4.000000000000000222e-01
4.046000000000000085e+01 5.500000000000000444e-01
3.767000000000000171e+01 7.700000000000000178e-01
3.488000000000000256e+01 9.699999999999999734e-01
3.209000000000000341e+01 1.100000000000000089e+00
2.930000000000000071e+01 1.189999999999999947e+00
2.651000000000000156e+01 1.290000000000000036e+00
2.371999999999999886e+01 1.399999999999999911e+00
2.092999999999999972e+01 1.500000000000000000e+00
1.814000000000000057e+01 1.560000000000000053e+00
1.534999999999999964e+01 1.510000000000000009e+00
1.256000000000000050e+01 1.310000000000000053e+00
9.769999999999999574e+00 9.899999999999999911e-01
6.980000000000000426e+00 6.899999999999999467e-01
4.190000000000000391e+00 3.900000000000000133e-01
1.399999999999999911e+00 -7.000000000000000666e-02
-1.399999999999999911e+00 -6.400000000000000133e-01
-4.190000000000000391e+00 -1.080000000000000071e+00
-6.980000000000000426e+00 -1.350000000000000089e+00
-9.769999999999999574e+00 -1.510000000000000009e+00
-1.256000000000000050e+01 -1.580000000000000071e+00
-1.534999999999999964e+01 -1.550000000000000044e+00
-1.814000000000000057e+01 -1.459999999999999964e+00
-2.092999999999999972e+01 -1.330000000000000071e+00
-2.371999999999999886e+01 -1.189999999999999947e+00
-2.651000000000000156e+01 -1.050000000000000044e+00
-2.930000000000000071e+01 -9.899999999999999911e-01
-3.209000000000000341e+01 -9.499999999999999556e-01
-3.488000000000000256e+01 -8.900000000000000133e-01
-3.767000000000000171e+01 -7.700000000000000178e-01
-4.046000000000000085e+01 -6.600000000000000311e-01
-4.325000000000000000e+01 -5.899999999999999689e-01
-4.603999999999999915e+01 -5.600000000000000533e-01
-4.884000000000000341e+01 -5.500000000000000444e-01
-5.163000000000000256e+01 -5.200000000000000178e-01
-5.442000000000000171e+01 -4.400000000000000022e-01
-5.721000000000000085e+01 -3.300000000000000155e-01
-6.000000000000000000e+01 -2.399999999999999911e-01
-6.278999999999999915e+01 -1.300000000000000044e-01
-6.557999999999999829e+01 -8.000000000000000167e-02
