6.837000000000000455e+01 1.400000000000000133e-01
6.557999999999999829e+01 1.400000000000000133e-01
6.278999999999999915e+01 1.749999999999999889e-01
6.000000000000000000e+01 2.349999999999999867e-01
5.721000000000000085e+01 2.949999999999999845e-01
5.442000000000000171e+01 3.300000000000000155e-01
5.163000000000000256e+01 3.449999999999999734e-01
4.884000000000000341e+01 3.649999999999999911e-01
4.603999999999999915e+01 3.599999999999999867e-01
4.325000000000000000e+01 4.050000000000000266e-01
4.046000000000000085e+01 5.849999999999999645e-01
3.767000000000000171e+01 8.499999999999999778e-01
3.488000000000000256e+01 1.094999999999999973e+00
3.209000000000000341e+01 1.280000000000000027e+00
2.930000000000000071e+01 1.419999999999999929e+00
2.651000000000000156e+01 1.534999999999999920e+00
2.371999999999999886e+01 1.649999999999999911e+00
2.092999999999999972e+01 1.750000000000000000e+00
1.814000000000000057e+01 1.820000000000000062e+00
1.534999999999999964e+01 1.800000000000000044e+00
1.256000000000000050e+01 1.649999999999999911e+00
9.769999999999999574e+00 1.405000000000000027e+00
6.980000000000000426e+00 1.129999999999999893e+00
4.190000000000000391e+00 7.600000000000000089e-01
1.399999999999999911e+00 2.000000000000000111e-01
-1.399999999999999911e+00 -4.400000000000000022e-01
-4.190000000000000391e+00 -9.250000000000000444e-01
-6.980000000000000426e+00 -1.209999999999999964e+00
-9.769999999999999574e+00 -1.364999999999999991e+00
-1.256000000000000050e+01 -1.409999999999999920e+00
-1.534999999999999964e+01 -1.370000000000000107e+00
-1.814000000000000057e+01 -1.284999999999999920e+00
-2.092999999999999972e+01 -1.169999999999999929e+00
-2.371999999999999886e+01 -1.034999999999999920e+00
-2.651000000000000156e+01 -9.100000000000000311e-01
-2.930000000000000071e+01 -8.349999999999999645e-01
-3.209000000000000341e+01 -7.700000000000000178e-01
-3.488000000000000256e+01 -6.750000000000000444e-01
-3.767000000000000171e+01 -5.300000000000000266e-01
-4.046000000000000085e+01 -4.000000000000000222e-01
-4.325000000000000000e+01 -3.649999999999999911e-01
-4.603999999999999915e+01 -4.050000000000000266e-01
-4.884000000000000341e+01 -4.349999999999999978e-01
-5.163000000000000256e+01 -4.400000000000000022e-01
-5.442000000000000171e+01 -3.900000000000000133e-01
-5.721000000000000085e+01 -2.949999999999999845e-01
-6.000000000000000000e+01 -2.250000000000000056e-01
-6.278999999999999915e+01 -1.350000000000000089e-01
-6.557999999999999829e+01 -8.500000000000000611e-02
