6.837000000000000455e+01 1.400000000000000133e-01
6.557999999999999829e+01 1.400000000000000133e-01
6.278999999999999915e+01 1.799999999999999933e-01
6.000000000000000000e+01 2.500000000000000000e-01
5.721000000000000085e+01 3.099999999999999978e-01
5.442000000000000171e+01 3.400000000000000244e-01
5.163000000000000256e+01 3.599999999999999867e-01
4.884000000000000341e+01 3.800000000000000044e-01
4.603999999999999915e+01 3.699999999999999956e-01
4.325000000000000000e+01 4.099999999999999756e-01
4.046000000000000085e+01 6.199999999999999956e-01
3.767000000000000171e+01 9.300000000000000488e-01
3.488000000000000256e+01 1.219999999999999973e+00
3.209000000000000341e+01 1.459999999999999964e+00
2.930000000000000071e+01 1.649999999999999911e+00
2.651000000000000156e+01 1.780000000000000027e+00
2.371999999999999886e+01 1.899999999999999911e+00
2.092999999999999972e+01 2.000000000000000000e+00
1.814000000000000057e+01 2.080000000000000071e+00
1.534999999999999964e+01 2.089999999999999858e+00
1.256000000000000050e+01 1.989999999999999991e+00
9.769999999999999574e+00 1.820000000000000062e+00
6.980000000000000426e+00 1.570000000000000062e+00
4.190000000000000391e+00 1.129999999999999893e+00
1.399999999999999911e+00 4.699999999999999734e-01
-1.399999999999999911e+00 -2.399999999999999911e-01
-4.190000000000000391e+00 -7.700000000000000178e-01
-6.980000000000000426e+00 -1.070000000000000062e+00
-9.769999999999999574e+00 -1.219999999999999973e+00
-1.256000000000000050e+01 -1.239999999999999991e+00
-1.534999999999999964e+01 -1.189999999999999947e+00
-1.814000000000000057e+01 -1.110000000000000098e+00
-2.092999999999999972e+01 -1.010000000000000009e+00
-2.371999999999999886e+01 -8.800000000000000044e-01
-2.651000000000000156e+01 -7.700000000000000178e-01
-2.930000000000000071e+01 -6.800000000000000488e-01
-3.209000000000000341e+01 -5.899999999999999689e-01
-3.488000000000000256e+01 -4.600000000000000200e-01
-3.767000000000000171e+01 -2.899999999999999800e-01
-4.046000000000000085e+01 -1.400000000000000133e-01
-4.325000000000000000e+01 -1.400000000000000133e-01
-4.603999999999999915e+01 -2.500000000000000000e-01
-4.884000000000000341e+01 -3.200000000000000067e-01
-5.163000000000000256e+01 -3.599999999999999867e-01
-5.442000000000000171e+01 -3.400000000000000244e-01
-5.721000000000000085e+01 -2.600000000000000089e-01
-6.000000000000000000e+01 -2.099999999999999922e-01
-6.278999999999999915e+01 -1.400000000000000133e-01
-6.557999999999999829e+01 -8.999999999999999667e-02
